Final Pressure (MPa):
[[[19.99]
  [20.00]
  [20.00]
  ...
  [20.00]
  [20.00]
  [19.99]]

 [[20.00]
  [20.01]
  [20.00]
  ...
  [20.00]
  [20.01]
  [20.00]]

 [[20.00]
  [20.00]
  [20.00]
  ...
  [20.00]
  [20.00]
  [20.00]]

 ...

 [[20.00]
  [20.00]
  [20.00]
  ...
  [20.00]
  [20.00]
  [20.00]]

 [[20.00]
  [20.01]
  [20.00]
  ...
  [20.00]
  [20.01]
  [20.00]]

 [[19.99]
  [20.00]
  [20.00]
  ...
  [20.00]
  [20.00]
  [19.99]]]

Final Water Saturation:
[[[0.1000]
  [0.1000]
  [0.1000]
  ...
  [0.1000]
  [0.1000]
  [0.1000]]

 [[0.1000]
  [0.1000]
  [0.1000]
  ...
  [0.1000]
  [0.1000]
  [0.1000]]

 [[0.1000]
  [0.1000]
  [0.1000]
  ...
  [0.1000]
  [0.1000]
  [0.1000]]

 ...

 [[0.1000]
  [0.1000]
  [0.1000]
  ...
  [0.1000]
  [0.1000]
  [0.1000]]

 [[0.1000]
  [0.1000]
  [0.1000]
  ...
  [0.1000]
  [0.1000]
  [0.1000]]

 [[0.1000]
  [0.1000]
  [0.1000]
  ...
  [0.1000]
  [0.1000]
  [0.1000]]]